#usda 1.0
(
    defaultPrim = "sphereMesh"
    endTimeCode = 90
    framesPerSecond = 24
    metersPerUnit = 1
    startTimeCode = 1
    timeCodesPerSecond = 24
    upAxis = "Y"
)

def Xform "box_mesh" (
    kind = "component"
)
{
    matrix4d xformOp:transform:xform.timeSamples = {
        1: ( (-0.11147535353251667, -0.9292724220834708, 0.3521732685907888, 0), (0.9729880508659389, -0.02997088724274477, 0.2289017229947909, 0), (-0.2021571132236057, 0.3681772826682848, 0.9075119779375346, 0), (-3.535993770322012, 0.8396159112453461, 1.697873208970826, 1) ),
        2: ( (-0.11147535353251667, -0.9292724220834708, 0.3521732685907888, 0), (0.9729880508659389, -0.02997088724274477, 0.2289017229947909, 0), (-0.2021571132236057, 0.3681772826682848, 0.9075119779375346, 0), (-3.534363561202701, 0.8398349046560967, 1.696888292062383, 1) ),
        3: ( (-0.11147535353251667, -0.9292724220834708, 0.3521732685907888, 0), (0.9729880508659389, -0.02997088724274477, 0.2289017229947909, 0), (-0.2021571132236057, 0.3681772826682848, 0.9075119779375346, 0), (-3.5295221477049754, 0.8404852737665147, 1.6939632746776858, 1) ),
        4: ( (-0.11147535353251667, -0.9292724220834708, 0.3521732685907888, 0), (0.9729880508659389, -0.02997088724274477, 0.2289017229947909, 0), (-0.2021571132236057, 0.3681772826682848, 0.9075119779375346, 0), (-3.5215433506191447, 0.8415571018938494, 1.6891427568276842, 1) ),
        5: ( (-0.11147535353251667, -0.9292724220834708, 0.3521732685907888, 0), (0.9729880508659389, -0.02997088724274477, 0.2289017229947909, 0), (-0.2021571132236057, 0.3681772826682848, 0.9075119779375346, 0), (-3.510500990735514, 0.8430404723553492, 1.6824713385233252, 1) ),
        6: ( (-0.11147535353251667, -0.9292724220834708, 0.3521732685907888, 0), (0.9729880508659389, -0.02997088724274477, 0.2289017229947909, 0), (-0.2021571132236057, 0.3681772826682848, 0.9075119779375346, 0), (-3.496468888844394, 0.8449254684682637, 1.6739936197755572, 1) ),
        7: ( (-0.11147535353251667, -0.9292724220834708, 0.3521732685907888, 0), (0.9729880508659389, -0.02997088724274477, 0.2289017229947909, 0), (-0.2021571132236057, 0.3681772826682848, 0.9075119779375346, 0), (-3.4795208657360943, 0.8472021735498418, 1.6637542005953294, 1) ),
        8: ( (-0.11147535353251667, -0.9292724220834708, 0.3521732685907888, 0), (0.9729880508659389, -0.02997088724274477, 0.2289017229947909, 0), (-0.2021571132236057, 0.3681772826682848, 0.9075119779375346, 0), (-3.4597307422009194, 0.8498606709173321, 1.6517976809935895, 1) ),
        9: ( (-0.11147535353251667, -0.9292724220834708, 0.3521732685907888, 0), (0.9729880508659389, -0.02997088724274477, 0.2289017229947909, 0), (-0.2021571132236057, 0.3681772826682848, 0.9075119779375346, 0), (-3.43717233902918, 0.8528910438879841, 1.638168660981286, 1) ),
        10: ( (-0.11147535353251667, -0.9292724220834708, 0.3521732685907888, 0), (0.9729880508659389, -0.02997088724274477, 0.2289017229947909, 0), (-0.2021571132236057, 0.3681772826682848, 0.9075119779375346, 0), (-3.4119194770111845, 0.8562833757790463, 1.622911740569367, 1) ),
        11: ( (-0.11147535353251667, -0.9292724220834708, 0.3521732685907888, 0), (0.9729880508659389, -0.02997088724274477, 0.2289017229947909, 0), (-0.2021571132236057, 0.3681772826682848, 0.9075119779375346, 0), (-3.384045976937241, 0.8600277499077684, 1.6060715197687812, 1) ),
        12: ( (-0.11147535353251667, -0.9292724220834708, 0.3521732685907888, 0), (0.9729880508659389, -0.02997088724274477, 0.2289017229947909, 0), (-0.2021571132236057, 0.3681772826682848, 0.9075119779375346, 0), (-3.3536256595976597, 0.8641142495913995, 1.5876925985904775, 1) ),
        13: ( (-0.11147535353251667, -0.9292724220834708, 0.3521732685907888, 0), (0.9729880508659389, -0.02997088724274477, 0.2289017229947909, 0), (-0.2021571132236057, 0.3681772826682848, 0.9075119779375346, 0), (-3.3207323457827456, 0.8685329581471877, 1.5678195770454033, 1) ),
        14: ( (-0.11147535353251667, -0.9292724220834708, 0.3521732685907888, 0), (0.9729880508659389, -0.02997088724274477, 0.2289017229947909, 0), (-0.2021571132236057, 0.3681772826682848, 0.9075119779375346, 0), (-3.2854398562828093, 0.8732739588923826, 1.546497055144507, 1) ),
        15: ( (-0.11147535353251667, -0.9292724220834708, 0.3521732685907888, 0), (0.9729880508659389, -0.02997088724274477, 0.2289017229947909, 0), (-0.2021571132236057, 0.3681772826682848, 0.9075119779375346, 0), (-3.247822011888159, 0.8783273351442337, 1.5237696328987382, 1) ),
        16: ( (-0.11147535353251667, -0.9292724220834708, 0.3521732685907888, 0), (0.9729880508659389, -0.02997088724274477, 0.2289017229947909, 0), (-0.2021571132236057, 0.3681772826682848, 0.9075119779375346, 0), (-3.2079526333891026, 0.8836831702199891, 1.4996819103190437, 1) ),
        17: ( (-0.11147535353251667, -0.9292724220834708, 0.3521732685907888, 0), (0.9729880508659389, -0.02997088724274477, 0.2289017229947909, 0), (-0.2021571132236057, 0.3681772826682848, 0.9075119779375346, 0), (-3.1659055415759485, 0.8893315474368981, 1.4742784874163728, 1) ),
        18: ( (-0.11147535353251667, -0.9292724220834708, 0.3521732685907888, 0), (0.9729880508659389, -0.02997088724274477, 0.2289017229947909, 0), (-0.2021571132236057, 0.3681772826682848, 0.9075119779375346, 0), (-3.1217545572390044, 0.89526255011221, 1.447603964201673, 1) ),
        19: ( (-0.11147535353251667, -0.9292724220834708, 0.3521732685907888, 0), (0.9729880508659389, -0.02997088724274477, 0.2289017229947909, 0), (-0.2021571132236057, 0.3681772826682848, 0.9075119779375346, 0), (-3.0755735011685807, 0.9014662615631738, 1.4197029406858936, 1) ),
        20: ( (-0.11147535353251667, -0.9292724220834708, 0.3521732685907888, 0), (0.9729880508659389, -0.02997088724274477, 0.2289017229947909, 0), (-0.2021571132236057, 0.3681772826682848, 0.9075119779375346, 0), (-3.027436194154985, 0.9079327651070386, 1.3906200168799827, 1) ),
        21: ( (-0.11147535353251667, -0.9292724220834708, 0.3521732685907888, 0), (0.9729880508659389, -0.02997088724274477, 0.2289017229947909, 0), (-0.2021571132236057, 0.3681772826682848, 0.9075119779375346, 0), (-2.9774164569885246, 0.9146521440610529, 1.3603997927948888, 1) ),
        22: ( (-0.11147535353251667, -0.9292724220834708, 0.3521732685907888, 0), (0.9729880508659389, -0.02997088724274477, 0.2289017229947909, 0), (-0.2021571132236057, 0.3681772826682848, 0.9075119779375346, 0), (-2.9255881104595094, 0.9216144817424662, 1.3290868684415602, 1) ),
        23: ( (-0.11147535353251667, -0.9292724220834708, 0.3521732685907888, 0), (0.9729880508659389, -0.02997088724274477, 0.2289017229947909, 0), (-0.2021571132236057, 0.3681772826682848, 0.9075119779375346, 0), (-2.872024975358247, 0.9288098614685276, 1.2967258438309448, 1) ),
        24: ( (-0.11147535353251667, -0.9292724220834708, 0.3521732685907888, 0), (0.9729880508659389, -0.02997088724274477, 0.2289017229947909, 0), (-0.2021571132236057, 0.3681772826682848, 0.9075119779375346, 0), (-2.816800872475045, 0.9362283665564859, 1.2633613189739912, 1) ),
        25: ( (-0.11147535353251667, -0.9292724220834708, 0.3521732685907888, 0), (0.9729880508659389, -0.02997088724274477, 0.2289017229947909, 0), (-0.2021571132236057, 0.3681772826682848, 0.9075119779375346, 0), (-2.7599896226002123, 0.9438600803235899, 1.2290378938816477, 1) ),
        26: ( (-0.11147535353251667, -0.9292724220834708, 0.3521732685907888, 0), (0.9729880508659389, -0.02997088724274477, 0.2289017229947909, 0), (-0.2021571132236057, 0.3681772826682848, 0.9075119779375346, 0), (-2.701665046524058, 0.951695086087089, 1.1938001685648627, 1) ),
        27: ( (-0.11147535353251667, -0.9292724220834708, 0.3521732685907888, 0), (0.9729880508659389, -0.02997088724274477, 0.2289017229947909, 0), (-0.2021571132236057, 0.3681772826682848, 0.9075119779375346, 0), (-2.6419009650368905, 0.9597234671642318, 1.1576927430345847, 1) ),
        28: ( (-0.11147535353251667, -0.9292724220834708, 0.3521732685907888, 0), (0.9729880508659389, -0.02997088724274477, 0.2289017229947909, 0), (-0.2021571132236057, 0.3681772826682848, 0.9075119779375346, 0), (-2.5807711989290185, 0.9679353068722681, 1.1207602173017626, 1) ),
        29: ( (-0.11147535353251667, -0.9292724220834708, 0.3521732685907888, 0), (0.9729880508659389, -0.02997088724274477, 0.2289017229947909, 0), (-0.2021571132236057, 0.3681772826682848, 0.9075119779375346, 0), (-2.5183495689907476, 0.9763206885284463, 1.0830471913773436, 1) ),
        30: ( (-0.11147535353251667, -0.9292724220834708, 0.3521732685907888, 0), (0.9729880508659389, -0.02997088724274477, 0.2289017229947909, 0), (-0.2021571132236057, 0.3681772826682848, 0.9075119779375346, 0), (-2.4547098960123908, 0.9848696954500157, 1.044598265272277, 1) ),
        31: ( (-0.11147535353251667, -0.9292724220834708, 0.3521732685907888, 0), (0.9729880508659389, -0.02997088724274477, 0.2289017229947909, 0), (-0.2021571132236057, 0.3681772826682848, 0.9075119779375346, 0), (-2.3899260007842518, 0.9935724109542251, 1.0054580389975103, 1) ),
        32: ( (-0.11147535353251667, -0.9292724220834708, 0.3521732685907888, 0), (0.9729880508659389, -0.02997088724274477, 0.2289017229947909, 0), (-0.2021571132236057, 0.3681772826682848, 0.9075119779375346, 0), (-2.324071704096642, 1.0024189183583234, 0.9656711125639926, 1) ),
        33: ( (-0.11147535353251667, -0.9292724220834708, 0.3521732685907888, 0), (0.9729880508659389, -0.02997088724274477, 0.2289017229947909, 0), (-0.2021571132236057, 0.3681772826682848, 0.9075119779375346, 0), (-2.2572208267398683, 1.0113993009795599, 0.9252820859826721, 1) ),
        34: ( (-0.11147535353251667, -0.9292724220834708, 0.3521732685907888, 0), (0.9729880508659389, -0.02997088724274477, 0.2289017229947909, 0), (-0.2021571132236057, 0.3681772826682848, 0.9075119779375346, 0), (-2.18944718950424, 1.0205036421351836, 0.884335559264497, 1) ),
        35: ( (-0.11147535353251667, -0.9292724220834708, 0.3521732685907888, 0), (0.9729880508659389, -0.02997088724274477, 0.2289017229947909, 0), (-0.2021571132236057, 0.3681772826682848, 0.9075119779375346, 0), (-2.120824613180066, 1.0297220251424437, 0.8428761324204157, 1) ),
        36: ( (-0.11147535353251667, -0.9292724220834708, 0.3521732685907888, 0), (0.9729880508659389, -0.02997088724274477, 0.2289017229947909, 0), (-0.2021571132236057, 0.3681772826682848, 0.9075119779375346, 0), (-2.0514269185576537, 1.0390445333185891, 0.8009484054613767, 1) ),
        37: ( (-0.11147535353251667, -0.9292724220834708, 0.3521732685907888, 0), (0.9729880508659389, -0.02997088724274477, 0.2289017229947909, 0), (-0.2021571132236057, 0.3681772826682848, 0.9075119779375346, 0), (-1.981327926427311, 1.0484612499808685, 0.7585969783983282, 1) ),
        38: ( (-0.11147535353251667, -0.9292724220834708, 0.3521732685907888, 0), (0.9729880508659389, -0.02997088724274477, 0.2289017229947909, 0), (-0.2021571132236057, 0.3681772826682848, 0.9075119779375346, 0), (-1.910601457579347, 1.0579622584465316, 0.7158664512422184, 1) ),
        39: ( (-0.11147535353251667, -0.9292724220834708, 0.3521732685907888, 0), (0.9729880508659389, -0.02997088724274477, 0.2289017229947909, 0), (-0.2021571132236057, 0.3681772826682848, 0.9075119779375346, 0), (-1.8393213328040707, 1.0675376420328266, 0.6728014240039965, 1) ),
        40: ( (-0.11147535353251667, -0.9292724220834708, 0.3521732685907888, 0), (0.9729880508659389, -0.02997088724274477, 0.2289017229947909, 0), (-0.2021571132236057, 0.3681772826682848, 0.9075119779375346, 0), (-1.7675613728917896, 1.0771774840570028, 0.6294464966946096, 1) ),
        41: ( (-0.11147535353251667, -0.9292724220834708, 0.3521732685907888, 0), (0.9729880508659389, -0.02997088724274477, 0.2289017229947909, 0), (-0.2021571132236057, 0.3681772826682848, 0.9075119779375346, 0), (-1.6953953986328125, 1.0868718678363098, 0.585846269325007, 1) ),
        42: ( (-0.11147535353251667, -0.9292724220834708, 0.3521732685907888, 0), (0.9729880508659389, -0.02997088724274477, 0.2289017229947909, 0), (-0.2021571132236057, 0.3681772826682848, 0.9075119779375346, 0), (-1.6228972308174465, 1.0966108766879956, 0.5420453419061366, 1) ),
        43: ( (-0.11147535353251667, -0.9292724220834708, 0.3521732685907888, 0), (0.9729880508659389, -0.02997088724274477, 0.2289017229947909, 0), (-0.2021571132236057, 0.3681772826682848, 0.9075119779375346, 0), (-1.5501406902360022, 1.1063845939293104, 0.49808831444894713, 1) ),
        44: ( (-0.11147535353251667, -0.9292724220834708, 0.3521732685907888, 0), (0.9729880508659389, -0.02997088724274477, 0.2289017229947909, 0), (-0.2021571132236057, 0.3681772826682848, 0.9075119779375346, 0), (-1.4771995976787866, 1.1161831028775024, 0.45401978696438666, 1) ),
        45: ( (-0.11147535353251667, -0.9292724220834708, 0.3521732685907888, 0), (0.9729880508659389, -0.02997088724274477, 0.2289017229947909, 0), (-0.2021571132236057, 0.3681772826682848, 0.9075119779375346, 0), (-1.4041477739361097, 1.1259964868498211, 0.40988435946340396, 1) ),
        46: ( (-0.11147535353251667, -0.9292724220834708, 0.3521732685907888, 0), (0.9729880508659389, -0.02997088724274477, 0.2289017229947909, 0), (-0.2021571132236057, 0.3681772826682848, 0.9075119779375346, 0), (-1.3310590397982769, 1.135814829163515, 0.36572663195694677, 1) ),
        47: ( (-0.11147535353251667, -0.9292724220834708, 0.3521732685907888, 0), (0.9729880508659389, -0.02997088724274477, 0.2289017229947909, 0), (-0.2021571132236057, 0.3681772826682848, 0.9075119779375346, 0), (-1.2580072160555988, 1.1456282131358335, 0.3215912044559636, 1) ),
        48: ( (-0.11147535353251667, -0.9292724220834708, 0.3521732685907888, 0), (0.9729880508659389, -0.02997088724274477, 0.2289017229947909, 0), (-0.2021571132236057, 0.3681772826682848, 0.9075119779375346, 0), (-1.1850661234983841, 1.1554267220840255, 0.27752267697140365, 1) ),
        49: ( (-0.11147535353251667, -0.9292724220834708, 0.3521732685907888, 0), (0.9729880508659389, -0.02997088724274477, 0.2289017229947909, 0), (-0.2021571132236057, 0.3681772826682848, 0.9075119779375346, 0), (-1.1123095829169396, 1.1652004393253401, 0.233565649514214, 1) ),
        50: ( (-0.11147535353251667, -0.9292724220834708, 0.3521732685907888, 0), (0.9729880508659389, -0.02997088724274477, 0.2289017229947909, 0), (-0.2021571132236057, 0.3681772826682848, 0.9075119779375346, 0), (-1.0398114151015752, 1.1749394481770263, 0.18976472209534412, 1) ),
        51: ( (-0.11147535353251667, -0.9292724220834708, 0.3521732685907888, 0), (0.9729880508659389, -0.02997088724274477, 0.2289017229947909, 0), (-0.2021571132236057, 0.3681772826682848, 0.9075119779375346, 0), (-0.9676454408425967, 1.1846338319563334, 0.146164494725741, 1) ),
        52: ( (-0.11147535353251667, -0.9292724220834708, 0.3521732685907888, 0), (0.9729880508659389, -0.02997088724274477, 0.2289017229947909, 0), (-0.2021571132236057, 0.3681772826682848, 0.9075119779375346, 0), (-0.8958854809303162, 1.1942736739805095, 0.10280956741635439, 1) ),
        53: ( (-0.11147535353251667, -0.9292724220834708, 0.3521732685907888, 0), (0.9729880508659389, -0.02997088724274477, 0.2289017229947909, 0), (-0.2021571132236057, 0.3681772826682848, 0.9075119779375346, 0), (-0.8246053561550396, 1.2038490575668048, 0.05974454017813213, 1) ),
        54: ( (-0.11147535353251667, -0.9292724220834708, 0.3521732685907888, 0), (0.9729880508659389, -0.02997088724274477, 0.2289017229947909, 0), (-0.2021571132236057, 0.3681772826682848, 0.9075119779375346, 0), (-0.7538788873070754, 1.2133500660324674, 0.01701401302202249, 1) ),
        55: ( (-0.11147535353251667, -0.9292724220834708, 0.3521732685907888, 0), (0.9729880508659389, -0.02997088724274477, 0.2289017229947909, 0), (-0.2021571132236057, 0.3681772826682848, 0.9075119779375346, 0), (-0.6837798951767338, 1.222766782694747, -0.025337414041025685, 1) ),
        56: ( (-0.11147535353251667, -0.9292724220834708, 0.3521732685907888, 0), (0.9729880508659389, -0.02997088724274477, 0.2289017229947909, 0), (-0.2021571132236057, 0.3681772826682848, 0.9075119779375346, 0), (-0.6143822005543209, 1.2320892908708923, -0.06726514100006492, 1) ),
        57: ( (-0.11147535353251667, -0.9292724220834708, 0.3521732685907888, 0), (0.9729880508659389, -0.02997088724274477, 0.2289017229947909, 0), (-0.2021571132236057, 0.3681772826682848, 0.9075119779375346, 0), (-0.5457596242301459, 1.2413076738781523, -0.10872456784414608, 1) ),
        58: ( (-0.11147535353251667, -0.9292724220834708, 0.3521732685907888, 0), (0.9729880508659389, -0.02997088724274477, 0.2289017229947909, 0), (-0.2021571132236057, 0.3681772826682848, 0.9075119779375346, 0), (-0.4779859869945178, 1.2504120150337763, -0.14967109456232142, 1) ),
        59: ( (-0.11147535353251667, -0.9292724220834708, 0.3521732685907888, 0), (0.9729880508659389, -0.02997088724274477, 0.2289017229947909, 0), (-0.2021571132236057, 0.3681772826682848, 0.9075119779375346, 0), (-0.41113510963774513, 1.2593923976550128, -0.19006012114364174, 1) ),
        60: ( (-0.11147535353251667, -0.9292724220834708, 0.3521732685907888, 0), (0.9729880508659389, -0.02997088724274477, 0.2289017229947909, 0), (-0.2021571132236057, 0.3681772826682848, 0.9075119779375346, 0), (-0.34528081295013446, 1.2682389050591114, -0.22984704757715985, 1) ),
        61: ( (-0.11147535353251667, -0.9292724220834708, 0.3521732685907888, 0), (0.9729880508659389, -0.02997088724274477, 0.2289017229947909, 0), (-0.2021571132236057, 0.3681772826682848, 0.9075119779375346, 0), (-0.2804969177219967, 1.2769416205633206, -0.26898727385192606, 1) ),
        62: ( (-0.11147535353251667, -0.9292724220834708, 0.3521732685907888, 0), (0.9729880508659389, -0.02997088724274477, 0.2289017229947909, 0), (-0.2021571132236057, 0.3681772826682848, 0.9075119779375346, 0), (-0.216857244743639, 1.28549062748489, -0.3074361999569925, 1) ),
        63: ( (-0.11147535353251667, -0.9292724220834708, 0.3521732685907888, 0), (0.9729880508659389, -0.02997088724274477, 0.2289017229947909, 0), (-0.2021571132236057, 0.3681772826682848, 0.9075119779375346, 0), (-0.1544356148053686, 1.293876009141068, -0.3451492258814119, 1) ),
        64: ( (-0.11147535353251667, -0.9292724220834708, 0.3521732685907888, 0), (0.9729880508659389, -0.02997088724274477, 0.2289017229947909, 0), (-0.2021571132236057, 0.3681772826682848, 0.9075119779375346, 0), (-0.09330584869749586, 1.3020878488491043, -0.3820817516142342, 1) ),
        65: ( (-0.11147535353251667, -0.9292724220834708, 0.3521732685907888, 0), (0.9729880508659389, -0.02997088724274477, 0.2289017229947909, 0), (-0.2021571132236057, 0.3681772826682848, 0.9075119779375346, 0), (-0.0335417672103282, 1.3101162299262472, -0.4181891771445121, 1) ),
        66: ( (-0.11147535353251667, -0.9292724220834708, 0.3521732685907888, 0), (0.9729880508659389, -0.02997088724274477, 0.2289017229947909, 0), (-0.2021571132236057, 0.3681772826682848, 0.9075119779375346, 0), (0.02478280886582601, 1.3179512356897463, -0.45342690246129697, 1) ),
        67: ( (-0.11147535353251667, -0.9292724220834708, 0.3521732685907888, 0), (0.9729880508659389, -0.02997088724274477, 0.2289017229947909, 0), (-0.2021571132236057, 0.3681772826682848, 0.9075119779375346, 0), (0.08159405874065756, 1.3255829494568503, -0.48775032755364006, 1) ),
        68: ( (-0.11147535353251667, -0.9292724220834708, 0.3521732685907888, 0), (0.9729880508659389, -0.02997088724274477, 0.2289017229947909, 0), (-0.2021571132236057, 0.3681772826682848, 0.9075119779375346, 0), (0.13681816162385957, 1.3330014545448088, -0.5211148524105937, 1) ),
        69: ( (-0.11147535353251667, -0.9292724220834708, 0.3521732685907888, 0), (0.9729880508659389, -0.02997088724274477, 0.2289017229947909, 0), (-0.2021571132236057, 0.3681772826682848, 0.9075119779375346, 0), (0.19038129672512255, 1.3401968342708699, -0.5534758770212094, 1) ),
        70: ( (-0.11147535353251667, -0.9292724220834708, 0.3521732685907888, 0), (0.9729880508659389, -0.02997088724274477, 0.2289017229947909, 0), (-0.2021571132236057, 0.3681772826682848, 0.9075119779375346, 0), (0.24220964325413846, 1.347159171952283, -0.5847888013745383, 1) ),
        71: ( (-0.11147535353251667, -0.9292724220834708, 0.3521732685907888, 0), (0.9729880508659389, -0.02997088724274477, 0.2289017229947909, 0), (-0.2021571132236057, 0.3681772826682848, 0.9075119779375346, 0), (0.2922293804205982, 1.3538785509062978, -0.6150090254596322, 1) ),
        72: ( (-0.11147535353251667, -0.9292724220834708, 0.3521732685907888, 0), (0.9729880508659389, -0.02997088724274477, 0.2289017229947909, 0), (-0.2021571132236057, 0.3681772826682848, 0.9075119779375346, 0), (0.34036668743419507, 1.3603450544501623, -0.6440919492655435, 1) ),
        73: ( (-0.11147535353251667, -0.9292724220834708, 0.3521732685907888, 0), (0.9729880508659389, -0.02997088724274477, 0.2289017229947909, 0), (-0.2021571132236057, 0.3681772826682848, 0.9075119779375346, 0), (0.38654774350461857, 1.366548765901126, -0.6719929727813224, 1) ),
        74: ( (-0.11147535353251667, -0.9292724220834708, 0.3521732685907888, 0), (0.9729880508659389, -0.02997088724274477, 0.2289017229947909, 0), (-0.2021571132236057, 0.3681772826682848, 0.9075119779375346, 0), (0.4306987278415614, 1.3724797685764378, -0.6986674959960215, 1) ),
        75: ( (-0.11147535353251667, -0.9292724220834708, 0.3521732685907888, 0), (0.9729880508659389, -0.02997088724274477, 0.2289017229947909, 0), (-0.2021571132236057, 0.3681772826682848, 0.9075119779375346, 0), (0.47274581965471607, 1.3781281457933472, -0.7240709188986931, 1) ),
        76: ( (-0.11147535353251667, -0.9292724220834708, 0.3521732685907888, 0), (0.9729880508659389, -0.02997088724274477, 0.2289017229947909, 0), (-0.2021571132236057, 0.3681772826682848, 0.9075119779375346, 0), (0.5126151981537722, 1.3834839808691028, -0.7481586414783872, 1) ),
        77: ( (-0.11147535353251667, -0.9292724220834708, 0.3521732685907888, 0), (0.9729880508659389, -0.02997088724274477, 0.2289017229947909, 0), (-0.2021571132236057, 0.3681772826682848, 0.9075119779375346, 0), (0.550233042548423, 1.3885373571209536, -0.7708860637241566, 1) ),
        78: ( (-0.11147535353251667, -0.9292724220834708, 0.3521732685907888, 0), (0.9729880508659389, -0.02997088724274477, 0.2289017229947909, 0), (-0.2021571132236057, 0.3681772826682848, 0.9075119779375346, 0), (0.5855255320483592, 1.3932783578661485, -0.7922085856250526, 1) ),
        79: ( (-0.11147535353251667, -0.9292724220834708, 0.3521732685907888, 0), (0.9729880508659389, -0.02997088724274477, 0.2289017229947909, 0), (-0.2021571132236057, 0.3681772826682848, 0.9075119779375346, 0), (0.6184188458632726, 1.3976970664219368, -0.8120816071701266, 1) ),
        80: ( (-0.11147535353251667, -0.9292724220834708, 0.3521732685907888, 0), (0.9729880508659389, -0.02997088724274477, 0.2289017229947909, 0), (-0.2021571132236057, 0.3681772826682848, 0.9075119779375346, 0), (0.6488391632028552, 1.4017835661055675, -0.8304605283484306, 1) ),
        81: ( (-0.11147535353251667, -0.9292724220834708, 0.3521732685907888, 0), (0.9729880508659389, -0.02997088724274477, 0.2289017229947909, 0), (-0.2021571132236057, 0.3681772826682848, 0.9075119779375346, 0), (0.6767126632767984, 1.4055279402342897, -0.8473007491490162, 1) ),
        82: ( (-0.11147535353251667, -0.9292724220834708, 0.3521732685907888, 0), (0.9729880508659389, -0.02997088724274477, 0.2289017229947909, 0), (-0.2021571132236057, 0.3681772826682848, 0.9075119779375346, 0), (0.7019655252947937, 1.4089202721253522, -0.862557669560935, 1) ),
        83: ( (-0.11147535353251667, -0.9292724220834708, 0.3521732685907888, 0), (0.9729880508659389, -0.02997088724274477, 0.2289017229947909, 0), (-0.2021571132236057, 0.3681772826682848, 0.9075119779375346, 0), (0.7245239284665324, 1.411950645096004, -0.8761866895732386, 1) ),
        84: ( (-0.11147535353251667, -0.9292724220834708, 0.3521732685907888, 0), (0.9729880508659389, -0.02997088724274477, 0.2289017229947909, 0), (-0.2021571132236057, 0.3681772826682848, 0.9075119779375346, 0), (0.7443140520017071, 1.4146091424634946, -0.8881432091749787, 1) ),
        85: ( (-0.11147535353251667, -0.9292724220834708, 0.3521732685907888, 0), (0.9729880508659389, -0.02997088724274477, 0.2289017229947909, 0), (-0.2021571132236057, 0.3681772826682848, 0.9075119779375346, 0), (0.7612620751100082, 1.4168858475450723, -0.8983826283552067, 1) ),
        86: ( (-0.11147535353251667, -0.9292724220834708, 0.3521732685907888, 0), (0.9729880508659389, -0.02997088724274477, 0.2289017229947909, 0), (-0.2021571132236057, 0.3681772826682848, 0.9075119779375346, 0), (0.7752941770011279, 1.418770843657987, -0.9068603471029743, 1) ),
        87: ( (-0.11147535353251667, -0.9292724220834708, 0.3521732685907888, 0), (0.9729880508659389, -0.02997088724274477, 0.2289017229947909, 0), (-0.2021571132236057, 0.3681772826682848, 0.9075119779375346, 0), (0.7863365368847582, 1.420254214119487, -0.9135317654073336, 1) ),
        88: ( (-0.11147535353251667, -0.9292724220834708, 0.3521732685907888, 0), (0.9729880508659389, -0.02997088724274477, 0.2289017229947909, 0), (-0.2021571132236057, 0.3681772826682848, 0.9075119779375346, 0), (0.7943153339705898, 1.4213260422468212, -0.9183522832573355, 1) ),
        89: ( (-0.11147535353251667, -0.9292724220834708, 0.3521732685907888, 0), (0.9729880508659389, -0.02997088724274477, 0.2289017229947909, 0), (-0.2021571132236057, 0.3681772826682848, 0.9075119779375346, 0), (0.7991567474683153, 1.4219764113572393, -0.9212773006420324, 1) ),
        90: ( (-0.11147535353251667, -0.9292724220834708, 0.3521732685907888, 0), (0.9729880508659389, -0.02997088724274477, 0.2289017229947909, 0), (-0.2021571132236057, 0.3681772826682848, 0.9075119779375346, 0), (0.8007869565876256, 1.4221954047679901, -0.9222622175504753, 1) ),
    }
    uniform token[] xformOpOrder = ["xformOp:transform:xform"]

    def Mesh "mesh_0"
    {
        float3[] extent = [(-0.5, -0.5, -0.5), (0.5, 0.5, 0.5)]
        int[] faceVertexCounts = [4, 4, 4, 4, 4, 4]
        int[] faceVertexIndices = [0, 1, 3, 2, 4, 5, 7, 6, 6, 7, 2, 3, 5, 4, 1, 0, 5, 0, 2, 7, 1, 4, 6, 3]
        normal3f[] normals = [(0, 0, 1), (-0, -0, 1), (-0, -0, 1), (-0, -0, 1), (0, -0, -1), (-0, -0, -1), (-0, 0, -1), (-0, -0, -1), (-0, 1, -0), (-0, 1, -0), (-0, 1, -0), (0, 1, 0), (-0, -1, -0), (-0, -1, 0), (-0, -1, -0), (0, -1, -0), (1, -0, -0), (1, -0, -0), (1, -0, -0), (1, 0, 0), (-1, -0, -0), (-1, 0, -0), (-1, -0, -0), (-1, -0, 0)] (
            interpolation = "faceVarying"
        )
        uniform token orientation = "leftHanded"
        point3f[] points = [(0.5, -0.5, 0.5), (-0.5, -0.5, 0.5), (0.5, 0.5, 0.5), (-0.5, 0.5, 0.5), (-0.5, -0.5, -0.5), (0.5, -0.5, -0.5), (-0.5, 0.5, -0.5), (0.5, 0.5, -0.5)] (
            interpolation = "vertex"
        )
        color3f[] primvars:displayColor = [(1, 1, 0), (1, 1, 0), (1, 1, 0), (1, 1, 0), (1, 1, 0), (1, 1, 0), (1, 1, 0), (1, 1, 0)] (
            interpolation = "vertex"
        )
        int[] primvars:displayColor:indices = None
        uniform token subdivisionScheme = "none"
    }
}

def Xform "grid1" (
    kind = "component"
)
{
    matrix4d xformOp:transform:xform = ( (1, 0, 0, 0), (0, 1, 0, 0), (0, 0, 1, 0), (0, 0, 0, 1) )
    uniform token[] xformOpOrder = ["xformOp:transform:xform"]

    def Mesh "mesh_0" (
        prepend apiSchemas = ["MaterialBindingAPI"]
    )
    {
        float3[] extent = [(-5, 0, -5), (5, 0, 5)]
        int[] faceVertexCounts = [4, 4, 4, 4, 4, 4, 4, 4, 4, 4, 4, 4, 4, 4, 4, 4, 4, 4, 4, 4, 4, 4, 4, 4, 4, 4, 4, 4, 4, 4, 4, 4, 4, 4, 4, 4, 4, 4, 4, 4, 4, 4, 4, 4, 4, 4, 4, 4, 4, 4, 4, 4, 4, 4, 4, 4, 4, 4, 4, 4, 4, 4, 4, 4, 4, 4, 4, 4, 4, 4, 4, 4, 4, 4, 4, 4, 4, 4, 4, 4, 4]
        int[] faceVertexIndices = [0, 1, 11, 10, 1, 2, 12, 11, 2, 3, 13, 12, 3, 4, 14, 13, 4, 5, 15, 14, 5, 6, 16, 15, 6, 7, 17, 16, 7, 8, 18, 17, 8, 9, 19, 18, 10, 11, 21, 20, 11, 12, 22, 21, 12, 13, 23, 22, 13, 14, 24, 23, 14, 15, 25, 24, 15, 16, 26, 25, 16, 17, 27, 26, 17, 18, 28, 27, 18, 19, 29, 28, 20, 21, 31, 30, 21, 22, 32, 31, 22, 23, 33, 32, 23, 24, 34, 33, 24, 25, 35, 34, 25, 26, 36, 35, 26, 27, 37, 36, 27, 28, 38, 37, 28, 29, 39, 38, 30, 31, 41, 40, 31, 32, 42, 41, 32, 33, 43, 42, 33, 34, 44, 43, 34, 35, 45, 44, 35, 36, 46, 45, 36, 37, 47, 46, 37, 38, 48, 47, 38, 39, 49, 48, 40, 41, 51, 50, 41, 42, 52, 51, 42, 43, 53, 52, 43, 44, 54, 53, 44, 45, 55, 54, 45, 46, 56, 55, 46, 47, 57, 56, 47, 48, 58, 57, 48, 49, 59, 58, 50, 51, 61, 60, 51, 52, 62, 61, 52, 53, 63, 62, 53, 54, 64, 63, 54, 55, 65, 64, 55, 56, 66, 65, 56, 57, 67, 66, 57, 58, 68, 67, 58, 59, 69, 68, 60, 61, 71, 70, 61, 62, 72, 71, 62, 63, 73, 72, 63, 64, 74, 73, 64, 65, 75, 74, 65, 66, 76, 75, 66, 67, 77, 76, 67, 68, 78, 77, 68, 69, 79, 78, 70, 71, 81, 80, 71, 72, 82, 81, 72, 73, 83, 82, 73, 74, 84, 83, 74, 75, 85, 84, 75, 76, 86, 85, 76, 77, 87, 86, 77, 78, 88, 87, 78, 79, 89, 88, 80, 81, 91, 90, 81, 82, 92, 91, 82, 83, 93, 92, 83, 84, 94, 93, 84, 85, 95, 94, 85, 86, 96, 95, 86, 87, 97, 96, 87, 88, 98, 97, 88, 89, 99, 98]
        rel material:binding = </materials/usdpreviewsurface3>
        uniform token orientation = "leftHanded"
        point3f[] points = [(-5, 0, -5), (-3.8888888, 0, -5), (-2.7777777, 0, -5), (-1.6666665, 0, -5), (-0.55555534, 0, -5), (0.5555558, 0, -5), (1.666667, 0, -5), (2.7777781, 0, -5), (3.8888893, 0, -5), (5, 0, -5), (-5, 0, -3.8888888), (-3.8888888, 0, -3.8888888), (-2.7777777, 0, -3.8888888), (-1.6666665, 0, -3.8888888), (-0.55555534, 0, -3.8888888), (0.5555558, 0, -3.8888888), (1.666667, 0, -3.8888888), (2.7777781, 0, -3.8888888), (3.8888893, 0, -3.8888888), (5, 0, -3.8888888), (-5, 0, -2.7777777), (-3.8888888, 0, -2.7777777), (-2.7777777, 0, -2.7777777), (-1.6666665, 0, -2.7777777), (-0.55555534, 0, -2.7777777), (0.5555558, 0, -2.7777777), (1.666667, 0, -2.7777777), (2.7777781, 0, -2.7777777), (3.8888893, 0, -2.7777777), (5, 0, -2.7777777), (-5, 0, -1.6666665), (-3.8888888, 0, -1.6666665), (-2.7777777, 0, -1.6666665), (-1.6666665, 0, -1.6666665), (-0.55555534, 0, -1.6666665), (0.5555558, 0, -1.6666665), (1.666667, 0, -1.6666665), (2.7777781, 0, -1.6666665), (3.8888893, 0, -1.6666665), (5, 0, -1.6666665), (-5, 0, -0.55555534), (-3.8888888, 0, -0.55555534), (-2.7777777, 0, -0.55555534), (-1.6666665, 0, -0.55555534), (-0.55555534, 0, -0.55555534), (0.5555558, 0, -0.55555534), (1.666667, 0, -0.55555534), (2.7777781, 0, -0.55555534), (3.8888893, 0, -0.55555534), (5, 0, -0.55555534), (-5, 0, 0.5555558), (-3.8888888, 0, 0.5555558), (-2.7777777, 0, 0.5555558), (-1.6666665, 0, 0.5555558), (-0.55555534, 0, 0.5555558), (0.5555558, 0, 0.5555558), (1.666667, 0, 0.5555558), (2.7777781, 0, 0.5555558), (3.8888893, 0, 0.5555558), (5, 0, 0.5555558), (-5, 0, 1.666667), (-3.8888888, 0, 1.666667), (-2.7777777, 0, 1.666667), (-1.6666665, 0, 1.666667), (-0.55555534, 0, 1.666667), (0.5555558, 0, 1.666667), (1.666667, 0, 1.666667), (2.7777781, 0, 1.666667), (3.8888893, 0, 1.666667), (5, 0, 1.666667), (-5, 0, 2.7777781), (-3.8888888, 0, 2.7777781), (-2.7777777, 0, 2.7777781), (-1.6666665, 0, 2.7777781), (-0.55555534, 0, 2.7777781), (0.5555558, 0, 2.7777781), (1.666667, 0, 2.7777781), (2.7777781, 0, 2.7777781), (3.8888893, 0, 2.7777781), (5, 0, 2.7777781), (-5, 0, 3.8888893), (-3.8888888, 0, 3.8888893), (-2.7777777, 0, 3.8888893), (-1.6666665, 0, 3.8888893), (-0.55555534, 0, 3.8888893), (0.5555558, 0, 3.8888893), (1.666667, 0, 3.8888893), (2.7777781, 0, 3.8888893), (3.8888893, 0, 3.8888893), (5, 0, 3.8888893), (-5, 0, 5), (-3.8888888, 0, 5), (-2.7777777, 0, 5), (-1.6666665, 0, 5), (-0.55555534, 0, 5), (0.5555558, 0, 5), (1.666667, 0, 5), (2.7777781, 0, 5), (3.8888893, 0, 5), (5, 0, 5)] (
            interpolation = "vertex"
        )
        uniform token subdivisionScheme = "none"
    }
}

def Xform "sphereMesh" (
    kind = "component"
)
{
    matrix4d xformOp:transform:xform.timeSamples = {
        1: ( (-0.22378375936794923, 0.46062685656519764, 0.8589200941030619, 0), (-0.9746388197907715, -0.10576308631963727, -0.19721394608139953, 0), (-2.7755575615628914e-16, -0.8812701450650704, 0.4726128769056025, 0), (1.7417164412624189, 0.42260050773620605, -2.5687421262695125, 1) ),
        2: ( (-0.22378375936794923, 0.46062685656519764, 0.8589200941030619, 0), (-0.9746388197907715, -0.10576308631963727, -0.19721394608139953, 0), (-2.7755575615628914e-16, -0.8812701450650704, 0.4726128769056025, 0), (1.740231919596955, 0.42280168074401664, -2.566852964927292, 1) ),
        3: ( (-0.22378375936794923, 0.46062685656519764, 0.8589200941030619, 0), (-0.9746388197907715, -0.10576308631963727, -0.19721394608139953, 0), (-2.7755575615628914e-16, -0.8812701450650704, 0.4726128769056025, 0), (1.7358231703489555, 0.42339912662004286, -2.5612425121864346, 1) ),
        4: ( (-0.22378375936794923, 0.46062685656519764, 0.8589200941030619, 0), (-0.9746388197907715, -0.10576308631963727, -0.19721394608139953, 0), (-2.7755575615628914e-16, -0.8812701450650704, 0.4726128769056025, 0), (1.7285574171410076, 0.42438373564317655, -2.551996314975645, 1) ),
        5: ( (-0.22378375936794923, 0.46062685656519764, 0.8589200941030619, 0), (-0.9746388197907715, -0.10576308631963727, -0.19721394608139953, 0), (-2.7755575615628914e-16, -0.8812701450650704, 0.4726128769056025, 0), (1.7185018835956978, 0.425746398092309, -2.539199920223626, 1) ),
        6: ( (-0.22378375936794923, 0.46062685656519764, 0.8589200941030619, 0), (-0.9746388197907715, -0.10576308631963727, -0.19721394608139953, 0), (-2.7755575615628914e-16, -0.8812701450650704, 0.4726128769056025, 0), (1.7057237933356126, 0.4274780042463318, -2.522938874859083, 1) ),
        7: ( (-0.22378375936794923, 0.46062685656519764, 0.8589200941030619, 0), (-0.9746388197907715, -0.10576308631963727, -0.19721394608139953, 0), (-2.7755575615628914e-16, -0.8812701450650704, 0.4726128769056025, 0), (1.690290369983341, 0.4295694443841369, -2.5032987258107204, 1) ),
        8: ( (-0.22378375936794923, 0.46062685656519764, 0.8589200941030619, 0), (-0.9746388197907715, -0.10576308631963727, -0.19721394608139953, 0), (-2.7755575615628914e-16, -0.8812701450650704, 0.4726128769056025, 0), (1.6722688371614673, 0.4320116087846154, -2.4803650200072416, 1) ),
        9: ( (-0.22378375936794923, 0.46062685656519764, 0.8589200941030619, 0), (-0.9746388197907715, -0.10576308631963727, -0.19721394608139953, 0), (-2.7755575615628914e-16, -0.8812701450650704, 0.4726128769056025, 0), (1.6517264184925806, 0.4347953877266592, -2.4542233043773516, 1) ),
        10: ( (-0.22378375936794923, 0.46062685656519764, 0.8589200941030619, 0), (-0.9746388197907715, -0.10576308631963727, -0.19721394608139953, 0), (-2.7755575615628914e-16, -0.8812701450650704, 0.4726128769056025, 0), (1.628730337599267, 0.43791167148915977, -2.424959125849754, 1) ),
        11: ( (-0.22378375936794923, 0.46062685656519764, 0.8589200941030619, 0), (-0.9746388197907715, -0.10576308631963727, -0.19721394608139953, 0), (-2.7755575615628914e-16, -0.8812701450650704, 0.4726128769056025, 0), (1.6033478181041136, 0.44135135035100875, -2.392658031353154, 1) ),
        12: ( (-0.22378375936794923, 0.46062685656519764, 0.8589200941030619, 0), (-0.9746388197907715, -0.10576308631963727, -0.19721394608139953, 0), (-2.7755575615628914e-16, -0.8812701450650704, 0.4726128769056025, 0), (1.5756460836297088, 0.4451053145910979, -2.3574055678162558, 1) ),
        13: ( (-0.22378375936794923, 0.46062685656519764, 0.8589200941030619, 0), (-0.9746388197907715, -0.10576308631963727, -0.19721394608139953, 0), (-2.7755575615628914e-16, -0.8812701450650704, 0.4726128769056025, 0), (1.5456923577986377, 0.4491644544883186, -2.319287282167763, 1) ),
        14: ( (-0.22378375936794923, 0.46062685656519764, 0.8589200941030619, 0), (-0.9746388197907715, -0.10576308631963727, -0.19721394608139953, 0), (-2.7755575615628914e-16, -0.8812701450650704, 0.4726128769056025, 0), (1.513553864233488, 0.45351966032156243, -2.27838872133638, 1) ),
        15: ( (-0.22378375936794923, 0.46062685656519764, 0.8589200941030619, 0), (-0.9746388197907715, -0.10576308631963727, -0.19721394608139953, 0), (-2.7755575615628914e-16, -0.8812701450650704, 0.4726128769056025, 0), (1.479297826556847, 0.4581618223697212, -2.234795432250813, 1) ),
        16: ( (-0.22378375936794923, 0.46062685656519764, 0.8589200941030619, 0), (-0.9746388197907715, -0.10576308631963727, -0.19721394608139953, 0), (-2.7755575615628914e-16, -0.8812701450650704, 0.4726128769056025, 0), (1.4429914683913019, 0.4630818309116863, -2.1885929618397637, 1) ),
        17: ( (-0.22378375936794923, 0.46062685656519764, 0.8589200941030619, 0), (-0.9746388197907715, -0.10576308631963727, -0.19721394608139953, 0), (-2.7755575615628914e-16, -0.8812701450650704, 0.4726128769056025, 0), (1.404702013359439, 0.4682705762263492, -2.139866857031937, 1) ),
        18: ( (-0.22378375936794923, 0.46062685656519764, 0.8589200941030619, 0), (-0.9746388197907715, -0.10576308631963727, -0.19721394608139953, 0), (-2.7755575615628914e-16, -0.8812701450650704, 0.4726128769056025, 0), (1.3644966850838451, 0.4737189485926017, -2.088702664756038, 1) ),
        19: ( (-0.22378375936794923, 0.46062685656519764, 0.8589200941030619, 0), (-0.9746388197907715, -0.10576308631963727, -0.19721394608139953, 0), (-2.7755575615628914e-16, -0.8812701450650704, 0.4726128769056025, 0), (1.3224427071871085, 0.47941783828933554, -2.03518593194077, 1) ),
        20: ( (-0.22378375936794923, 0.46062685656519764, 0.8589200941030619, 0), (-0.9746388197907715, -0.10576308631963727, -0.19721394608139953, 0), (-2.7755575615628914e-16, -0.8812701450650704, 0.4726128769056025, 0), (1.278607303291816, 0.4853581355954422, -1.9794022055148393, 1) ),
        21: ( (-0.22378375936794923, 0.46062685656519764, 0.8589200941030619, 0), (-0.9746388197907715, -0.10576308631963727, -0.19721394608139953, 0), (-2.7755575615628914e-16, -0.8812701450650704, 0.4726128769056025, 0), (1.233057697020554, 0.4915307307898131, -1.921437032406948, 1) ),
        22: ( (-0.22378375936794923, 0.46062685656519764, 0.8589200941030619, 0), (-0.9746388197907715, -0.10576308631963727, -0.19721394608139953, 0), (-2.7755575615628914e-16, -0.8812701450650704, 0.4726128769056025, 0), (1.1858611119959095, 0.4979265141513399, -1.8613759595458017, 1) ),
        23: ( (-0.22378375936794923, 0.46062685656519764, 0.8589200941030619, 0), (-0.9746388197907715, -0.10576308631963727, -0.19721394608139953, 0), (-2.7755575615628914e-16, -0.8812701450650704, 0.4726128769056025, 0), (1.1370847718404702, 0.5045363759589144, -1.7993045338601046, 1) ),
        24: ( (-0.22378375936794923, 0.46062685656519764, 0.8589200941030619, 0), (-0.9746388197907715, -0.10576308631963727, -0.19721394608139953, 0), (-2.7755575615628914e-16, -0.8812701450650704, 0.4726128769056025, 0), (1.0867959001768221, 0.5113512064914281, -1.73530830227856, 1) ),
        25: ( (-0.22378375936794923, 0.46062685656519764, 0.8589200941030619, 0), (-0.9746388197907715, -0.10576308631963727, -0.19721394608139953, 0), (-2.7755575615628914e-16, -0.8812701450650704, 0.4726128769056025, 0), (1.035061720627553, 0.5183618960277723, -1.6694728117298732, 1) ),
        26: ( (-0.22378375936794923, 0.46062685656519764, 0.8589200941030619, 0), (-0.9746388197907715, -0.10576308631963727, -0.19721394608139953, 0), (-2.7755575615628914e-16, -0.8812701450650704, 0.4726128769056025, 0), (0.9819494568152498, 0.5255593348468388, -1.601883609142747, 1) ),
        27: ( (-0.22378375936794923, 0.46062685656519764, 0.8589200941030619, 0), (-0.9746388197907715, -0.10576308631963727, -0.19721394608139953, 0), (-2.7755575615628914e-16, -0.8812701450650704, 0.4726128769056025, 0), (0.9275263323624996, 0.5329344132275192, -1.532626241445888, 1) ),
        28: ( (-0.22378375936794923, 0.46062685656519764, 0.8589200941030619, 0), (-0.9746388197907715, -0.10576308631963727, -0.19721394608139953, 0), (-2.7755575615628914e-16, -0.8812701450650704, 0.4726128769056025, 0), (0.8718595708918895, 0.5404780214487054, -1.4617862555679995, 1) ),
